------------------------------------
OPENING  AND PROCESSING FILES
------------------------------------

Opening file NUMBERS1 (1)...

Opening file NUMBERS1 (2)...

Opening file NUMBERS2 (1)...

Opening file NUMBERS2 (2)...

NUMBERS1: (1st try)
0 1 2 3 4 5 6 7 8 9 10 11 12 13 14 15 16 17 18 19 

NUMBERS1: (2nd try)
0 1 2 3 4 5 6 7 8 9 10 11 12 13 14 15 16 17 18 19 20 21 22 23 24 25 26 27 28 29 30 31 32 33 34 35 36 37 38 39 40 41 42 43 44 45 46 47 48 49 50 51 52 53 54 55 56 57 58 59 60 61 62 63 64 65 66 67 68 69 70 71 72 73 74 75 76 77 78 79 80 81 82 83 84 85 86 87 88 89 90 91 92 93 94 95 96 97 98 99 100 101 102 103 104 105 106 107 108 109 110 111 112 113 114 115 116 117 118 119 120 121 122 123 124 125 126 127 128 129 130 131 132 133 134 135 136 137 138 139 140 141 142 143 144 145 146 147 148 149 150 151 152 153 154 155 156 157 158 159 160 161 162 163 164 165 166 167 168 169 170 171 172 173 174 175 176 177 178 179 180 181 182 183 184 185 186 187 188 189 190 191 192 193 194 195 196 197 198 199 200 201 202 203 204 205 206 207 208 209 210 211 212 213 214 215 216 217 218 219 220 221 222 223 224 225 226 227 228 229 230 231 232 233 234 235 236 237 238 239 240 241 242 243 244 245 246 247 248 249 250 251 252 253 254 255 256 257 258 259 260 261 262 263 264 265 266 267 268 269 270 271 272 273 274 275 276 277 278 279 280 281 282 283 284 285 286 287 288 289 290 291 292 293 294 295 296 297 298 299 

Checkpoint 16:
BMM_DisposeBlock() failed! Nice!!

Checkpoint 19:
BMM_DisposeBlock() now succeeded!! Nice!!


NUMBERS1:
90000 89401 88804 88209 87616 87025 86436 85849 85264 84681 84100 83521 82944 82369 81796 81225 80656 80089 79524 78961 78400 77841 77284 76729 76176 75625 75076 74529 73984 73441 72900 72361 71824 71289 70756 70225 69696 69169 68644 68121 67600 67081 66564 66049 65536 65025 64516 64009 63504 63001 62500 62001 61504 61009 60516 60025 59536 59049 58564 58081 57600 57121 56644 56169 55696 55225 54756 54289 53824 53361 52900 52441 51984 51529 51076 50625 50176 49729 49284 48841 48400 47961 47524 47089 46656 46225 45796 45369 44944 44521 44100 43681 43264 42849 42436 42025 41616 41209 40804 40401 40000 39601 39204 38809 38416 38025 37636 37249 36864 36481 36100 35721 35344 34969 34596 34225 33856 33489 33124 32761 32400 32041 31684 31329 30976 30625 30276 29929 29584 29241 28900 28561 28224 27889 27556 27225 26896 26569 26244 25921 25600 25281 24964 24649 24336 24025 23716 23409 23104 22801 22500 22201 21904 21609 21316 21025 20736 20449 20164 19881 19600 19321 19044 18769 18496 18225 17956 17689 17424 17161 16900 16641 16384 16129 15876 15625 15376 15129 14884 14641 14400 14161 13924 13689 13456 13225 12996 12769 12544 12321 12100 11881 11664 11449 11236 11025 10816 10609 10404 10201 10000 9801 9604 9409 9216 9025 8836 8649 8464 8281 8100 7921 7744 7569 7396 7225 7056 6889 6724 6561 6400 6241 6084 5929 5776 5625 5476 5329 5184 5041 4900 4761 4624 4489 4356 4225 4096 3969 3844 3721 3600 3481 3364 3249 3136 3025 2916 2809 2704 2601 2500 2401 2304 2209 2116 2025 1936 1849 1764 1681 1600 1521 1444 1369 1296 1225 1156 1089 1024 961 900 841 784 729 676 625 576 529 484 441 400 361 324 289 256 225 196 169 144 121 100 81 64 49 36 25 16 9 4 1 


-------------
CLOSING FILES
-------------

Closing file NUMBERS1 (1)...

Closing file NUMBERS1 (2)...

Closing file NUMBERS2 (1)...

Closing file NUMBERS2 (2)...


